
1

Automatic Zoom
H
15 15 15
20 20 20 20 20
20 25 25 25 25 25 25
25 25 25 25 25
25 30
30
30
30
40
40 45 50
50 60 60 60 60 60 60 60 60 60 60
50
45 50 56 56 56 56 56 56 56
50 50 50 50 50 50
40 40 40 40 40 40 40
30 30 3035
35
30 40 4535
50 60 70
70 80
80 90 100
90 100 110 120 120 120 120
100 100 100 100 100
80 80 80 80 80 80 80
70 70 70 70 70 70 70 7030 40
40
45
50 60 7045
35
50 60 60 60 60 60 60 60 60 60 6030 40 4535
50 60
70 8060
30 40 4535
35
30 4035
25
25
25
25
20
20
20
15
15
15
15
15
+0.014
+0.005
+0.017
+0.006
+0.020
+0.007
+0.025
+0.009
+0.029
+0.010
5
6
8
10
12
12
18
14
40
35
30
25
20
42
45
48
55
70
80
+0.015
+0.007
+0.017
+0.008
+0.020
+0.009
+0.024
+0.011
14
16
22
25
30
35
40
45
47
50
54
61
76
86
Dm5Td G6
8
10
12
13
16
20
25
28
30
32
35
40
50
60
L15 L20 L25 L30 L35 L40 L45 L50 L60 L70 L80 L90 L100 L110 L120 L130 L140 L150
G
D –0.01–0.03
GBF
8
10
12
13
16
20
25
28
30
32
35
40
50
60
15 20
20
20
20
20
20
20
20
20
25
25
25 30 35
35
40
40
40
40
40
40
45
45
50
50
60
60
60
60
70
70
70
80 100
100
100
110
110
110
110
120
120
120
120
130
130
130
130
130
130
140
140
140
140
140
140
150
150
150
150
150
150
120
120
120
120
110
110
110
110
100
100
100
100
100
100
90
90
90
90
90
90
90
90
90
80
80
80
80
80
80
70
70
70
70
70
80
80
70
60
60
60
60
60
60
50
50
50
50
50
50
50
50
50
45
45
45
45
45
45
45
45
45
40
40
40
40
40
40
35
35
35
35
35
35
35
35
35
30
30
30
30
30
30
30
30
30
30
25
25
25
25
25
25
25
25
15
15
15
15
15
Part Number
TYPE d L
Order
Available in stock
1.6
L –0.8–1.2
0–0.2
3
Dm5
d + 1
T
0
–0.2
H
dG6
Order Example
TYPE
GBF
d L
SUJ2 58HRC~
G1.6
d12 L40– –
H
GBF
HUAN SIN COMPANY LIMITED
帶肩導套-無油槽型
LEADER BUSHING - HEAD TYPE WITH NO OIL GROOVE
www.khoathinh.com
Leader & Ejector Space Components
GBF 