
1
TdG6
+0.014
+0.005 4
5
6
8
9
11
12
18
14
40
35
30
25
20
42
45
48
55
70
80
+0.015
+0.007
Dm5
15
15
15
15
15
15
15
20
20
20
20
20
20
20
20
20
25 25 25 25
25 25 25 25 25 25
25 30 30 30 30
40 40 40 40
35
30 35
40 45 50
50 60 60 60 60 60
50 50 50 50 5030 35
40 4530
35 40 45 50 60 70
70 80 80 80 80 80
70 70 70 70 7030
35 40 45 50 6030
70 80 90 100 100 10035 40 45 50 60
70 80 90 100 110 12050 60
30
35
50 60 60 60 60 6040 4530 35
40 45 50 56 56 56 56 5630 35
25
25
25
25
25
25
20 20 20
15
+0.017
+0.008
+0.020
+0.009
+0.024
+0.011
+0.017
+0.006
+0.020
+0.007
+0.025
+0.009
+0.029
+0.010
8
10
12
13
16
20
25
28
30
32
35
40
50
60
L15 L20 L25 L30 L35 L40 L45 L50 L60 L70 L80 L90 L100 L110 L120
Part Number
TYPE L
GBSE
d
8
10
12
13
16
20
25
28
30
32
35
40
50
60
15
15
15
15
15
15
20
20
20
20
20
20
20
20
20
25
25
25
25
25
25
25
25
25
25
25
30
30
30
30
30
30
30
30
30
30
30
30
35
35
35
35
35
35
35
35
35
35
35
35
40
40
40
40
40
40
40
40
40
40
40
40
45
45
45
45
45
45
45
45
45
45
50
50
50
50
50
50
50
50
50
50
60
60
60
60
60
60
60
60
60
70
70
70
70
70
70
70
70
80
80
80
80
80
80
80
80
90
90
90
90
90
90
90
90
120
120
120
120
110
110
110
110
100
100
100
100
-0.5-1.0
G1.6
L2
t
d + 1
d G6
Order Example
TYPE
GBSE    -    d25  -    L40
d L
SUJ2 58HRC~
GBSE
HUAN SIN COMPANY LIMITEDLEADER BUSHING - STRAIGHT TYPE WITH OIL GROOVE
直導套-油槽型
3D
L
-0.01-0.03
G1.6
Dm5
100
100
100
100
www.khoathinh.com
Leader & Ejector Space Components
GBSE