
1

Automatic Zoom
+0.015
+0.007
+0.017
+0.008
5
6
8
10
10
12
8
12
10
25
20
16
13
30
35
60
50
40
35
12
18
14
35
30
25
20
42
48
55
70
80+0.029
+0.010
+0.024
+0.011
+0.020
+0.009
+0.014
+0.005
+0.017
+0.006
+0.020
+0.007
+0.025
+0.009
15 15
15 20 20 20 20 20
15 20 25
25 25 25 2515 20 25
15 20 25 30 30 3035
20
20
25 30 35 40 40 40 40 40
16
14
22
25
30
35
40
47
54
60
75
86
25 30 35 40 50 50 50 50 50 50
60 60 6025 30 35 40 50
40 50 60
60 60
40 50 60
60
70 70 70 70 70 70
70 80 80 80
70 80 100 100
80 100 120 120
----
---
-
-
--
--
--
60 60
70
80
100 100
--
---
--
---
--
-
-
dG6 Dm5 L15 L20 L25 L30 L35 L40 L50 L60L70 L80 L90 L100 L110 L120 L130 L150T H
GBOF
Part Number
Type
8
10
12
13
16
20
25
30
35
40
50
60
---
--
-
-
----
---
--
-
---
--
-
-
d L
Order Example
TYPE
GBOF
d L
L60
GBOF
3
1.6
1.6
d
D
D –0.03
m
G6
5
H d + 1
–0.2
0
L –1.0
T –0.20
–0.5
–0.01
--
--
-
-
–d30
HUAN SIN COMPANY LIMITED
GBOF
OIL-FREE LEADER BUSHING-COPPER ALLOY
帶肩導套-銅合金-自潤滑型
–
20 25
15 20 25
15 20 25
15 20 25
15 20 25
20 25
20 25
30 35 40
30 35 40
30 35 40
30 35 40
30 35 40
30 35 4025
50
50
50
50
50
60 70 80
60 70 80
60 70 80
40 50 60 70 80
40 50 60 70 80
60 70 80
90 100 110 120 130
150
120
120
120
120 150
130
130
110
100
100
100
100
100
90
90
www.khoathinh.com
Leader & Ejector Space Components
Brass + Graphite