
1

Automatic Zoom
+0.015
+0.007
+0.017
+0.008
HUAN SIN COMPANY LIMITEDLEADER BUSHING - HEAD OIL GROOVE TYPE
GBFE
dT     
D
D
H d + 1
- 0.2
-0.03
m
G6
5
G1.6
G1.6
-0.2
0
0
-0.01
5
6
8
10
12
8
12
10
28
25
20
16
13
30
50
40
35
32
60
12
18
14
40
35
30
25
20
42
45
48
55
70
80+0.029+0.010
+0.024
+0.011
+0.020
+0.009
+0.014
+0.005
+0.017
+0.006
+0.020
+0.007
+0.025
+0.009
15 15 15
15 20 20 20 20 20
15 20 25 25 25 25 25 25
25 25 25 25 2515 20 25
15 20 25 30 30 30 30 3035
15 20 25 30 35 40 40 40 40 40 40 40 40
16
14
22
25
30
35
40
45
47
50
54
61
76
86
25 30 35 40 45 50 50 50 50 50 50
56 56 56 56 56
50 50
56 5625 30 35 40 45 50
30 35 40 45 50 60 60 60 60 60
60 60 60 6030 35 40 45 50 60
30 35 40 45 50 60 70 70 70 70 70 70
30 35 40 45 50 60 70 80 80 80 80 80
40 45 50 60 70 80 90 100 100 100
60 70 80 90 100 110 120 120 120
---
--
-
----
--
60
60
60
60
60
60
60
60
60
60
70 70 70
80 80 80
100 100 100
120
---
-
--
---
--
dG6 Dm5 L15 L20 L25 L30 L35 L40 L45 L50 L60 L70 L80 L90 L100 L110 L120 L130 L140 L150T H
GBFE
Part Number
Type L
15 20 25
15 20 25 30 35 40
15 20 25 30 35 40
15 20 25 30 35 40
15 20 25 30 35 40 45 50
45 50
45 50
15 20
20
20
20
25 30 35 40 45 50 60
60
8
10
12
13
16
20
25
28
30
32
35
40
50
60
25
25
25
30 35 40 45 50 60 70 90 100
70 80
80
80
80
80
80
80
80
80
90 100
25
25
30 35 40 45 50 60 70 90 100
30 35 40 45 50 60 70 90 100
30 35 40 45 50 60 70 90 100
30 35 40 45 50 60 70 90 100 110 120
110 120
110 120
110 120
110 120
30 35 40 45 50 60 70 90 100 110 120
40 45 50 60 70 90 100 110 120
60 70 90 100 110 120
---
--
-
----
--
130 140 150
130 140 150
130 140 150
130 140 150
130 140 150
130 140 150
---
-
-
-
---
--
d
Order Example
TYPE
GBFE
d L
d30 L40
SUJ2 58HRC~
- -
-1.0-0.5L
3
帶肩導套-油槽型
www.khoathinh.com
Leader & Ejector Space Components
GBFE